

C This file initialises the parameters common
C to all the data-set: 1D, 2D & 3D.
C

	call ch_initialise()
        c_dimmanip = 0
        c_type = 0
        c_sizef1 = 1
        c_sizef2 = 1
        c_sizef3 = 1
        c_offsf1 = 0.0
        c_offsf2 = 0.0
        c_offsf3 = 0.0
        c_specwf1 =  2000*3.1415926
        c_specwf2 =  2000*3.1415926
        c_specwf3 =  2000*3.1415926
 	c_freq = 400.0
 	c_freq1 = 400.0
 	c_freq2 = 400.0
 	c_freq3 = 400.0
	c_name = 'no_name'
